[gd_scene load_steps=4 format=2]

[ext_resource path="res://default_env.tres" type="Environment" id=1]
[ext_resource path="res://material/WorldFloor.tres" type="Material" id=2]

[sub_resource type="PlaneMesh" id=1]
size = Vector2( 200, 200 )

[node name="Node" type="Node"]

[node name="MeshInstance" type="MeshInstance" parent="."]
mesh = SubResource( 1 )
material/0 = ExtResource( 2 )

[node name="WorldEnvironment" type="WorldEnvironment" parent="."]
environment = ExtResource( 1 )

[node name="Player" type="CSGBox" parent="."]
transform = Transform( 0.881683, 0, 0.471843, 0, 1, 0, -0.471843, 0, 0.881683, 0, 1.18469, 0 )

[node name="Camera" type="Camera" parent="Player"]
transform = Transform( 0.881682, 0.187134, -0.433147, 0, 0.91799, 0.396603, 0.471843, -0.349678, 0.809376, -6.06006, 4.9473, 11.3238 )

[node name="DirectionalLight" type="DirectionalLight" parent="."]
transform = Transform( -0.172359, -0.640492, 0.748373, -0.727993, 0.594626, 0.341243, -0.663565, -0.485994, -0.568763, 0.718565, 5.73377, 1.70549 )
shadow_enabled = true
